rank_ao_shell 1
dims_ao_shell 0 110
rank_ao_normalization 1
dims_ao_normalization 0 110
ao_cartesian_isSet 1 
ao_cartesian 0 
ao_num_isSet 1 
ao_num 110 
ao_shell
0
1
2
3
4
5
5
5
6
6
6
7
7
7
8
8
8
9
9
9
9
9
10
10
10
10
10
11
11
11
11
11
12
12
12
12
12
12
12
13
13
13
13
13
13
13
14
14
14
14
14
14
14
14
14
15
16
17
18
19
20
20
20
21
21
21
22
22
22
23
23
23
24
24
24
24
24
25
25
25
25
25
26
26
26
26
26
27
27
27
27
27
27
27
28
28
28
28
28
28
28
29
29
29
29
29
29
29
29
29
ao_normalization
  2.8209479177387814e-01
  2.8209479177387814e-01
  2.8209479177387814e-01
  2.8209479177387814e-01
  2.8209479177387814e-01
  4.8860251190291992e-01
  4.8860251190291992e-01
  4.8860251190291992e-01
  4.8860251190291992e-01
  4.8860251190291992e-01
  4.8860251190291992e-01
  4.8860251190291992e-01
  4.8860251190291992e-01
  4.8860251190291992e-01
  4.8860251190291992e-01
  4.8860251190291992e-01
  4.8860251190291992e-01
  6.3078313050504009e-01
  6.3078313050504009e-01
  6.3078313050504009e-01
  6.3078313050504009e-01
  6.3078313050504009e-01
  6.3078313050504009e-01
  6.3078313050504009e-01
  6.3078313050504009e-01
  6.3078313050504009e-01
  6.3078313050504009e-01
  6.3078313050504009e-01
  6.3078313050504009e-01
  6.3078313050504009e-01
  6.3078313050504009e-01
  6.3078313050504009e-01
  7.4635266518023080e-01
  7.4635266518023080e-01
  7.4635266518023080e-01
  7.4635266518023080e-01
  7.4635266518023080e-01
  7.4635266518023080e-01
  7.4635266518023080e-01
  7.4635266518023080e-01
  7.4635266518023080e-01
  7.4635266518023080e-01
  7.4635266518023080e-01
  7.4635266518023080e-01
  7.4635266518023080e-01
  7.4635266518023080e-01
  8.4628437532163447e-01
  8.4628437532163447e-01
  8.4628437532163447e-01
  8.4628437532163447e-01
  8.4628437532163447e-01
  8.4628437532163447e-01
  8.4628437532163447e-01
  8.4628437532163447e-01
  8.4628437532163447e-01
  2.8209479177387814e-01
  2.8209479177387814e-01
  2.8209479177387814e-01
  2.8209479177387814e-01
  2.8209479177387814e-01
  4.8860251190291992e-01
  4.8860251190291992e-01
  4.8860251190291992e-01
  4.8860251190291992e-01
  4.8860251190291992e-01
  4.8860251190291992e-01
  4.8860251190291992e-01
  4.8860251190291992e-01
  4.8860251190291992e-01
  4.8860251190291992e-01
  4.8860251190291992e-01
  4.8860251190291992e-01
  6.3078313050504009e-01
  6.3078313050504009e-01
  6.3078313050504009e-01
  6.3078313050504009e-01
  6.3078313050504009e-01
  6.3078313050504009e-01
  6.3078313050504009e-01
  6.3078313050504009e-01
  6.3078313050504009e-01
  6.3078313050504009e-01
  6.3078313050504009e-01
  6.3078313050504009e-01
  6.3078313050504009e-01
  6.3078313050504009e-01
  6.3078313050504009e-01
  7.4635266518023080e-01
  7.4635266518023080e-01
  7.4635266518023080e-01
  7.4635266518023080e-01
  7.4635266518023080e-01
  7.4635266518023080e-01
  7.4635266518023080e-01
  7.4635266518023080e-01
  7.4635266518023080e-01
  7.4635266518023080e-01
  7.4635266518023080e-01
  7.4635266518023080e-01
  7.4635266518023080e-01
  7.4635266518023080e-01
  8.4628437532163447e-01
  8.4628437532163447e-01
  8.4628437532163447e-01
  8.4628437532163447e-01
  8.4628437532163447e-01
  8.4628437532163447e-01
  8.4628437532163447e-01
  8.4628437532163447e-01
  8.4628437532163447e-01
