rank_basis_nucleus_index 1
dims_basis_nucleus_index 0 30
rank_basis_shell_ang_mom 1
dims_basis_shell_ang_mom 0 30
rank_basis_shell_factor 1
dims_basis_shell_factor 0 30
rank_basis_r_power 0
rank_basis_nao_grid_start 0
rank_basis_nao_grid_size 0
rank_basis_shell_index 1
dims_basis_shell_index 0 66
rank_basis_exponent 1
dims_basis_exponent 0 66
rank_basis_exponent_im 0
rank_basis_coefficient 1
dims_basis_coefficient 0 66
rank_basis_coefficient_im 0
rank_basis_oscillation_arg 0
rank_basis_prim_factor 1
dims_basis_prim_factor 0 66
rank_basis_nao_grid_radius 0
rank_basis_nao_grid_phi 0
rank_basis_nao_grid_grad 0
rank_basis_nao_grid_lap 0
rank_basis_interpolator_phi 0
rank_basis_interpolator_grad 0
rank_basis_interpolator_lap 0
basis_prim_num_isSet 1 
basis_prim_num 66 
basis_shell_num_isSet 1 
basis_shell_num 30 
basis_nao_grid_num_isSet 0 
basis_interp_coeff_cnt_isSet 0 
basis_e_cut_isSet 0 
len_basis_type 9
basis_type
Gaussian
len_basis_oscillation_kind 0
basis_oscillation_kind
len_basis_interpolator_kind 0
basis_interpolator_kind
basis_nucleus_index
0
0
0
0
0
0
0
0
0
0
0
0
0
0
0
1
1
1
1
1
1
1
1
1
1
1
1
1
1
1
basis_shell_ang_mom
0
0
0
0
0
1
1
1
1
2
2
2
3
3
4
0
0
0
0
0
1
1
1
1
2
2
2
3
3
4
basis_shell_factor
  1.0000000000000000e+00
  1.0000000000000000e+00
  1.0000000000000000e+00
  1.0000000000000000e+00
  1.0000000000000000e+00
  1.0000000000000000e+00
  1.0000000000000000e+00
  1.0000000000000000e+00
  1.0000000000000000e+00
  1.0000000000000000e+00
  1.0000000000000000e+00
  1.0000000000000000e+00
  1.0000000000000000e+00
  1.0000000000000000e+00
  1.0000000000000000e+00
  1.0000000000000000e+00
  1.0000000000000000e+00
  1.0000000000000000e+00
  1.0000000000000000e+00
  1.0000000000000000e+00
  1.0000000000000000e+00
  1.0000000000000000e+00
  1.0000000000000000e+00
  1.0000000000000000e+00
  1.0000000000000000e+00
  1.0000000000000000e+00
  1.0000000000000000e+00
  1.0000000000000000e+00
  1.0000000000000000e+00
  1.0000000000000000e+00
basis_r_power
basis_nao_grid_start
basis_nao_grid_size
basis_shell_index
0
0
0
0
0
0
0
0
0
1
1
1
1
1
1
1
1
1
2
3
4
5
5
5
6
7
8
9
10
11
12
13
14
15
15
15
15
15
15
15
15
15
16
16
16
16
16
16
16
16
16
17
18
19
20
20
20
21
22
23
24
25
26
27
28
29
basis_exponent
  4.5840000000000000e+04
  6.8680000000000000e+03
  1.5630000000000000e+03
  4.4239999999999998e+02
  1.4430000000000001e+02
  5.2180000000000000e+01
  2.0340000000000000e+01
  8.3810000000000002e+00
  3.5289999999999999e+00
  4.5840000000000000e+04
  6.8680000000000000e+03
  1.5630000000000000e+03
  4.4239999999999998e+02
  1.4430000000000001e+02
  5.2180000000000000e+01
  2.0340000000000000e+01
  8.3810000000000002e+00
  3.5289999999999999e+00
  1.0540000000000000e+00
  4.1180000000000000e-01
  1.5520000000000000e-01
  4.9329999999999998e+01
  1.1369999999999999e+01
  3.4350000000000001e+00
  1.1819999999999999e+00
  4.1730000000000000e-01
  1.4280000000000001e-01
  2.8370000000000002e+00
  9.6799999999999997e-01
  3.3500000000000002e-01
  2.0270000000000001e+00
  6.8500000000000005e-01
  1.4270000000000000e+00
  4.5840000000000000e+04
  6.8680000000000000e+03
  1.5630000000000000e+03
  4.4239999999999998e+02
  1.4430000000000001e+02
  5.2180000000000000e+01
  2.0340000000000000e+01
  8.3810000000000002e+00
  3.5289999999999999e+00
  4.5840000000000000e+04
  6.8680000000000000e+03
  1.5630000000000000e+03
  4.4239999999999998e+02
  1.4430000000000001e+02
  5.2180000000000000e+01
  2.0340000000000000e+01
  8.3810000000000002e+00
  3.5289999999999999e+00
  1.0540000000000000e+00
  4.1180000000000000e-01
  1.5520000000000000e-01
  4.9329999999999998e+01
  1.1369999999999999e+01
  3.4350000000000001e+00
  1.1819999999999999e+00
  4.1730000000000000e-01
  1.4280000000000001e-01
  2.8370000000000002e+00
  9.6799999999999997e-01
  3.3500000000000002e-01
  2.0270000000000001e+00
  6.8500000000000005e-01
  1.4270000000000000e+00
basis_exponent_im
basis_coefficient
  9.2710633559607987e-05
  7.2253830719824926e-04
  3.7779583175540261e-03
  1.5651973483128603e-02
  5.3556514469118778e-02
  1.4792082356863237e-01
  3.0701630165403099e-01
  4.0075582170129503e-01
  2.1932211954942005e-01
 -5.7338677874064416e-05
 -4.5584248909881205e-04
 -2.3623535284114537e-03
 -9.9711960822998023e-03
 -3.4305730972052736e-02
 -1.0145505663036959e-01
 -2.2957546540607279e-01
 -4.2064227475192395e-01
 -3.3359642787130678e-01
  1.0000000000000000e+00
  1.0000000000000000e+00
  1.0000000000000000e+00
  3.1126097368554609e-02
  2.1355664346739023e-01
  8.3836255894468747e-01
  1.0000000000000000e+00
  1.0000000000000000e+00
  1.0000000000000002e+00
  1.0000000000000000e+00
  1.0000000000000000e+00
  1.0000000000000000e+00
  1.0000000000000000e+00
  1.0000000000000002e+00
  1.0000000000000000e+00
  9.2710633559607987e-05
  7.2253830719824926e-04
  3.7779583175540261e-03
  1.5651973483128603e-02
  5.3556514469118778e-02
  1.4792082356863237e-01
  3.0701630165403099e-01
  4.0075582170129503e-01
  2.1932211954942005e-01
 -5.7338677874064416e-05
 -4.5584248909881205e-04
 -2.3623535284114537e-03
 -9.9711960822998023e-03
 -3.4305730972052736e-02
 -1.0145505663036959e-01
 -2.2957546540607279e-01
 -4.2064227475192395e-01
 -3.3359642787130678e-01
  1.0000000000000000e+00
  1.0000000000000000e+00
  1.0000000000000000e+00
  3.1126097368554609e-02
  2.1355664346739023e-01
  8.3836255894468747e-01
  1.0000000000000000e+00
  1.0000000000000000e+00
  1.0000000000000002e+00
  1.0000000000000000e+00
  1.0000000000000000e+00
  1.0000000000000000e+00
  1.0000000000000000e+00
  1.0000000000000002e+00
  1.0000000000000000e+00
basis_coefficient_im
basis_oscillation_arg
basis_prim_factor
  7.9149555632877673e+03
  1.9060651421252874e+03
  6.2803559345214614e+02
  2.4371169094531828e+02
  1.0518765482574230e+02
  4.9050459516660155e+01
  2.4197931092991983e+01
  1.2444770865212158e+01
  6.5050968671506704e+00
  7.9149555632877673e+03
  1.9060651421252874e+03
  6.2803559345214614e+02
  2.4371169094531828e+02
  1.0518765482574230e+02
  4.9050459516660155e+01
  2.4197931092991983e+01
  1.2444770865212158e+01
  6.5050968671506704e+00
  2.6281217619621295e+00
  1.2987626210474743e+00
  6.2471770148474404e-01
  3.8139349971567151e+02
  6.0909491440053799e+01
  1.3642464089686946e+01
  3.5954747090288395e+00
  9.7846404925794528e-01
  2.5609119803889641e-01
  1.6182038260724639e+01
  2.4649678618031547e+00
  3.8490876283087527e-01
  9.6701073710602632e+00
  8.4200398623836858e-01
  3.4961095176826551e+00
  7.9149555632877673e+03
  1.9060651421252874e+03
  6.2803559345214614e+02
  2.4371169094531828e+02
  1.0518765482574230e+02
  4.9050459516660155e+01
  2.4197931092991983e+01
  1.2444770865212158e+01
  6.5050968671506704e+00
  7.9149555632877673e+03
  1.9060651421252874e+03
  6.2803559345214614e+02
  2.4371169094531828e+02
  1.0518765482574230e+02
  4.9050459516660155e+01
  2.4197931092991983e+01
  1.2444770865212158e+01
  6.5050968671506704e+00
  2.6281217619621295e+00
  1.2987626210474743e+00
  6.2471770148474404e-01
  3.8139349971567151e+02
  6.0909491440053799e+01
  1.3642464089686946e+01
  3.5954747090288395e+00
  9.7846404925794528e-01
  2.5609119803889641e-01
  1.6182038260724639e+01
  2.4649678618031547e+00
  3.8490876283087527e-01
  9.6701073710602632e+00
  8.4200398623836858e-01
  3.4961095176826551e+00
basis_nao_grid_radius
basis_nao_grid_phi
basis_nao_grid_grad
basis_nao_grid_lap
basis_interpolator_phi
basis_interpolator_grad
basis_interpolator_lap
